Passage,NewID,WordNoPunctuation,Word,WordClass,PartOfSpeech
1,1Aw01,Very,Very,Content,ADV
1,1Aw02,few,few,Content,ADJ
1,1Aw03,issues,issues,Content,NOUN
1,1Aw04,can,can,Function,AUX
1,1Aw05,bring,bring,Content,VERB
1,1Aw06,together,together,Content,ADV
1,1Aw07,lawmakers,lawmakers,Content,NOUN
1,1Aw08,of,of,Function,ADP
1,1Aw09,both,both,Function,DET
1,1Aw10,parties,parties.,Content,NOUN
1,1Bw01,Animal,Animal,Content,ADJ
1,1Bw02,cruelty,cruelty,Content,NOUN
1,1Bw03,is,is,Content,AUX
1,1Bw04,one,one,Function,NUM
1,1Bw05,of,of,Function,ADP
1,1Bw06,them,them.,Function,PRON
2,2Aw01,Koalas,Koalas,Content,NOUN
2,2Aw02,have,have,Content,AUX
2,2Aw03,been,been,Content,AUX
2,2Aw04,running,running,Content,VERB
2,2Aw05,into,into,Function,ADP
2,2Aw06,hard,hard,Content,ADJ
2,2Aw07,times,times.,Content,NOUN
2,2Bw01,They,They,Function,PRON
2,2Bw02,have,have,Content,AUX
2,2Bw03,suffered,suffered,Content,VERB
2,2Bw04,for,for,Function,ADP
2,2Bw05,years,years,Content,NOUN
2,2Bw06,from,from,Function,ADP
2,2Bw07,habitat,habitat,Content,NOUN
2,2Bw08,destruction,"destruction,",Content,NOUN
2,2Bw09,dog,dog,Content,NOUN
2,2Bw10,attacks,"attacks,",Content,NOUN
2,2Bw11,automobile,automobile,Content,NOUN
2,2Bw12,accidents,accidents.,Content,NOUN
3,3Aw01,Pancreatic,Pancreatic,Content,ADJ
3,3Aw02,cancer,cancer,Content,NOUN
3,3Aw03,has,has,Content,VERB
3,3Aw04,a,a,Function,DET
3,3Aw05,bad,bad,Content,ADJ
3,3Aw06,reputation,reputation.,Content,NOUN
3,3Bw01,It,It,Function,PRON
3,3Bw02,is,is,Content,AUX
3,3Bw03,a,a,Function,DET
3,3Bw04,terrible,terrible,Content,ADJ
3,3Bw05,disease,"disease,",Content,NOUN
3,3Bw06,but,but,Function,CCONJ
3,3Bw07,most,most,Content,ADJ
3,3Bw08,people,people,Content,NOUN
3,3Bw09,do,do,Content,AUX
3,3Bw10,not,not,Content,PART
3,3Bw11,realize,realize,Content,VERB
3,3Bw12,there,there,Content,PRON
3,3Bw13,are,are,Content,VERB
3,3Bw14,ways,ways,Content,NOUN
3,3Bw15,that,that,Function,PRON
3,3Bw16,early,early,Content,ADJ
3,3Bw17,detection,detection,Content,NOUN
3,3Bw18,can,can,Function,AUX
3,3Bw19,help,help.,Content,VERB
4,4Aw01,Some,Some,Function,DET
4,4Aw02,nutrition,nutrition,Content,NOUN
4,4Aw03,experts,experts,Content,NOUN
4,4Aw04,say,say,Content,VERB
4,4Aw05,eggs,eggs,Content,NOUN
4,4Aw06,are,are,Content,AUX
4,4Aw07,good,good,Content,ADJ
4,4Aw08,for,for,Function,ADP
4,4Aw09,you,"you,",Function,PRON
4,4Aw10,even,even,Content,ADV
4,4Aw11,though,though,Function,SCONJ
4,4Aw12,they,they,Function,PRON
4,4Aw13,are,are,Content,AUX
4,4Aw14,high,high,Content,ADJ
4,4Aw15,in,in,Function,ADP
4,4Aw16,cholesterol,cholesterol.,Content,NOUN
4,4Bw01,Others,Others,Content,NOUN
4,4Bw02,are,are,Content,AUX
4,4Bw03,sure,sure,Content,ADJ
4,4Bw04,they,they,Function,PRON
4,4Bw05,are,are,Content,AUX
4,4Bw06,bad,bad.,Content,ADJ
5,5Aw01,Experts,Experts,Content,NOUN
5,5Aw02,generally,generally,Content,ADV
5,5Aw03,agree,agree,Content,VERB
5,5Aw04,that,that,Function,SCONJ
5,5Aw05,watching,watching,Content,VERB
5,5Aw06,a,a,Function,DET
5,5Aw07,lot,lot,Content,NOUN
5,5Aw08,of,of,Function,ADP
5,5Aw09,television,television,Content,NOUN
5,5Aw10,is,is,Content,AUX
5,5Aw11,bad,bad,Content,ADJ
5,5Aw12,for,for,Function,ADP
5,5Aw13,children,children.,Content,NOUN
5,5Bw01,Now,Now,Content,INTJ
5,5Bw02,a,a,Function,DET
5,5Bw03,new,new,Content,ADJ
5,5Bw04,study,study,Content,NOUN
5,5Bw05,suggests,suggests,Content,VERB
5,5Bw06,it,it,Function,PRON
5,5Bw07,may,may,Function,AUX
5,5Bw08,not,not,Content,PART
5,5Bw09,be,be,Content,AUX
5,5Bw10,very,very,Content,ADV
5,5Bw11,good,good,Content,ADJ
5,5Bw12,for,for,Function,ADP
5,5Bw13,adults,"adults,",Content,NOUN
5,5Bw14,either,either.,Function,ADV
6,6Aw01,Legislators,Legislators,Content,NOUN
6,6Aw02,and,and,Function,CCONJ
6,6Aw03,gun,gun,Content,NOUN
6,6Aw04,safety,safety,Content,NOUN
6,6Aw05,advocates,advocates,Content,NOUN
6,6Aw06,often,often,Content,ADV
6,6Aw07,focus,focus,Content,VERB
6,6Aw08,on,on,Function,ADP
6,6Aw09,how,how,Content,SCONJ
6,6Aw10,guns,guns,Content,NOUN
6,6Aw11,are,are,Content,AUX
6,6Aw12,purchased,purchased.,Content,VERB
6,6Bw01,But,But,Function,CCONJ
6,6Bw02,many,many,Content,ADJ
6,6Bw03,lives,lives,Content,NOUN
6,6Bw04,could,could,Function,AUX
6,6Bw05,be,be,Content,AUX
6,6Bw06,saved,"saved,",Content,VERB
6,6Bw07,especially,especially,Content,ADV
6,6Bw08,among,among,Function,ADP
6,6Bw09,children,"children,",Content,NOUN
6,6Bw10,if,if,Function,SCONJ
6,6Bw11,they,they,Function,PRON
6,6Bw12,looked,looked,Content,VERB
6,6Bw13,more,more,Content,ADV
6,6Bw14,at,at,Function,ADP
6,6Bw15,how,how,Content,SCONJ
6,6Bw16,they,they,Function,PRON
6,6Bw17,are,are,Content,AUX
6,6Bw18,stored,stored.,Content,VERB
7,7Aw01,In,In,Function,ADP
7,7Aw02,general,"general,",Content,ADJ
7,7Aw03,any,any,Function,DET
7,7Aw04,exercise,exercise,Content,NOUN
7,7Aw05,improves,improves,Content,VERB
7,7Aw06,our,our,Function,PRON
7,7Aw07,health,health.,Content,NOUN
7,7Bw01,But,But,Function,CCONJ
7,7Bw02,a,a,Function,DET
7,7Bw03,wealth,wealth,Content,NOUN
7,7Bw04,of,of,Function,ADP
7,7Bw05,recent,recent,Content,ADJ
7,7Bw06,science,science,Content,NOUN
7,7Bw07,and,and,Function,CCONJ
7,7Bw08,personal,personal,Content,ADJ
7,7Bw09,experience,experience,Content,NOUN
7,7Bw10,indicate,indicate,Content,VERB
7,7Bw11,that,that,Function,SCONJ
7,7Bw12,different,different,Content,ADJ
7,7Bw13,people,people,Content,NOUN
7,7Bw14,can,can,Function,AUX
7,7Bw15,respond,respond,Content,VERB
7,7Bw16,to,to,Function,ADP
7,7Bw17,similar,similar,Content,ADJ
7,7Bw18,exercise,exercise,Content,NOUN
7,7Bw19,routines,routines,Content,NOUN
7,7Bw20,in,in,Function,ADP
7,7Bw21,different,different,Content,ADJ
7,7Bw22,ways,ways.,Content,NOUN
8,8Aw01,When,When,Content,SCONJ
8,8Aw02,new,new,Content,ADJ
8,8Aw03,breast,breast,Content,NOUN
8,8Aw04,cancer,cancer,Content,NOUN
8,8Aw05,drugs,drugs,Content,NOUN
8,8Aw06,come,come,Content,VERB
8,8Aw07,to,to,Function,ADP
8,8Aw08,market,"market,",Content,NOUN
8,8Aw09,there,there,Content,PRON
8,8Aw10,is,is,Content,VERB
8,8Aw11,little,little,Content,ADJ
8,8Aw12,data,data,Content,NOUN
8,8Aw13,to,to,Function,PART
8,8Aw14,indicate,indicate,Content,VERB
8,8Aw15,whether,whether,Function,SCONJ
8,8Aw16,they,they,Function,PRON
8,8Aw17,are,are,Content,AUX
8,8Aw18,safe,safe,Content,ADJ
8,8Aw19,or,or,Function,CCONJ
8,8Aw20,effective,effective,Content,ADJ
8,8Aw21,in,in,Function,ADP
8,8Aw22,men,men.,Content,NOUN
8,8Bw01,Some,Some,Function,DET
8,8Bw02,new,new,Content,ADJ
8,8Bw03,drugs,drugs,Content,NOUN
8,8Bw04,are,are,Content,AUX
8,8Bw05,approved,approved,Content,VERB
8,8Bw06,only,only,Content,ADV
8,8Bw07,for,for,Function,ADP
8,8Bw08,women,women.,Content,NOUN
9,9Aw01,An,An,Function,DET
9,9Aw02,extensive,extensive,Content,ADJ
9,9Aw03,study,study,Content,NOUN
9,9Aw04,confirms,confirms,Content,VERB
9,9Aw05,that,that,Function,SCONJ
9,9Aw06,red,red,Content,ADJ
9,9Aw07,meat,meat,Content,NOUN
9,9Aw08,might,might,Function,AUX
9,9Aw09,not,not,Content,PART
9,9Aw10,be,be,Content,AUX
9,9Aw11,that,that,Function,ADV
9,9Aw12,bad,bad,Content,ADJ
9,9Aw13,for,for,Function,ADP
9,9Aw14,you,you.,Function,PRON
9,9Bw01,But,But,Function,CCONJ
9,9Bw02,it,it,Function,PRON
9,9Bw03,is,is,Content,AUX
9,9Bw04,bad,bad,Content,ADJ
9,9Bw05,for,for,Function,ADP
9,9Bw06,the,the,Function,DET
9,9Bw07,planet,"planet,",Content,NOUN
9,9Bw08,with,with,Function,SCONJ
9,9Bw09,chicken,chicken,Content,NOUN
9,9Bw10,and,and,Function,CCONJ
9,9Bw11,pork,pork,Content,NOUN
9,9Bw12,less,less,Content,ADV
9,9Bw13,harmful,harmful,Content,ADJ
9,9Bw14,than,than,Function,ADP
9,9Bw15,beef,beef.,Content,NOUN
10,10Aw01,The,The,Function,DET
10,10Aw02,ground,ground,Content,NOUN
10,10Aw03,around,around,Function,ADP
10,10Aw04,the,the,Function,DET
10,10Aw05,building,building,Content,NOUN
10,10Aw06,slopes,slopes,Content,VERB
10,10Aw07,away,away.,Content,ADV
10,10Bw01,That,That,Function,PRON
10,10Bw02,allows,allows,Content,VERB
10,10Bw03,the,the,Function,DET
10,10Bw04,classroom,classroom,Content,NOUN
10,10Bw05,windows,windows,Content,NOUN
10,10Bw06,to,to,Function,PART
10,10Bw07,be,be,Content,AUX
10,10Bw08,low,low,Content,ADJ
10,10Bw09,enough,enough,Content,ADV
10,10Bw10,for,for,Function,SCONJ
10,10Bw11,children,children,Content,NOUN
10,10Bw12,to,to,Function,PART
10,10Bw13,see,see,Content,VERB
10,10Bw14,out,out,Function,ADP
10,10Bw15,while,while,Function,SCONJ
10,10Bw16,still,still,Content,ADV
10,10Bw17,being,being,Content,AUX
10,10Bw18,high,high,Content,ADV
10,10Bw19,above,above,Function,ADP
10,10Bw20,the,the,Function,DET
10,10Bw21,ground,ground.,Content,NOUN
11,11Aw01,Farmers,Farmers,Content,NOUN
11,11Aw02,and,and,Function,CCONJ
11,11Aw03,plant,plant,Content,NOUN
11,11Aw04,breeders,breeders,Content,NOUN
11,11Aw05,are,are,Content,AUX
11,11Aw06,in,in,Function,ADP
11,11Aw07,a,a,Function,DET
11,11Aw08,race,race,Content,NOUN
11,11Aw09,against,against,Function,ADP
11,11Aw10,time,time.,Content,NOUN
11,11Bw01,The,The,Function,DET
11,11Bw02,world,world,Content,NOUN
11,11Bw03,population,population,Content,NOUN
11,11Bw04,is,is,Content,AUX
11,11Bw05,growing,growing,Content,VERB
11,11Bw06,rapidly,"rapidly,",Content,ADV
11,11Bw07,requiring,requiring,Content,VERB
11,11Bw08,ever,ever,Content,ADV
11,11Bw09,more,more,Content,ADJ
11,11Bw10,food,"food,",Content,NOUN
11,11Bw11,but,but,Function,CCONJ
11,11Bw12,the,the,Function,DET
11,11Bw13,amount,amount,Content,NOUN
11,11Bw14,of,of,Function,ADP
11,11Bw15,cultivable,cultivable,Content,ADJ
11,11Bw16,land,land,Content,NOUN
11,11Bw17,is,is,Content,AUX
11,11Bw18,limited,limited.,Content,ADJ
12,12Aw01,One,One,Function,NUM
12,12Aw02,benefit,benefit,Content,NOUN
12,12Aw03,of,of,Function,ADP
12,12Aw04,discovery,discovery,Content,NOUN
12,12Aw05,is,is,Content,AUX
12,12Aw06,that,that,Function,SCONJ
12,12Aw07,you,you,Function,PRON
12,12Aw08,get,get,Content,VERB
12,12Aw09,to,to,Function,PART
12,12Aw10,name,name,Content,VERB
12,12Aw11,the,the,Function,DET
12,12Aw12,things,things,Content,NOUN
12,12Aw13,you,you,Function,PRON
12,12Aw14,discovered,discovered.,Content,VERB
12,12Bw01,Astronomy,Astronomy,Content,NOUN
12,12Bw02,is,is,Content,AUX
12,12Bw03,blessed,blessed,Content,VERB
12,12Bw04,in,in,Function,ADP
12,12Bw05,this,this,Function,DET
12,12Bw06,regard,regard.,Content,NOUN
13,13Aw01,The,The,Function,DET
13,13Aw02,overwhelming,overwhelming,Content,ADJ
13,13Aw03,majority,majority,Content,NOUN
13,13Aw04,of,of,Function,ADP
13,13Aw05,snails,snails,Content,NOUN
13,13Aw06,live,live,Content,VERB
13,13Aw07,in,in,Function,ADP
13,13Aw08,shells,shells,Content,NOUN
13,13Aw09,that,that,Function,PRON
13,13Aw10,coil,coil,Content,VERB
13,13Aw11,to,to,Function,ADP
13,13Aw12,the,the,Function,DET
13,13Aw13,right,right.,Content,ADJ
13,13Bw01,But,But,Function,CCONJ
13,13Bw02,occasionally,occasionally,Content,ADV
13,13Bw03,some,some,Function,PRON
13,13Bw04,are,are,Content,AUX
13,13Bw05,born,born,Content,VERB
13,13Bw06,with,with,Function,ADP
13,13Bw07,shells,shells,Content,NOUN
13,13Bw08,that,that,Function,PRON
13,13Bw09,turn,turn,Content,VERB
13,13Bw10,the,the,Function,DET
13,13Bw11,other,other,Content,ADJ
13,13Bw12,way,way.,Content,NOUN
14,14Aw01,California,California,Content,PROPN
14,14Aw02,has,has,Content,AUX
14,14Aw03,positioned,positioned,Content,VERB
14,14Aw04,itself,itself,Function,PRON
14,14Aw05,as,as,Function,ADP
14,14Aw06,a,a,Function,DET
14,14Aw07,leader,leader,Content,NOUN
14,14Aw08,in,in,Function,ADP
14,14Aw09,the,the,Function,DET
14,14Aw10,fight,fight,Content,NOUN
14,14Aw11,against,against,Function,ADP
14,14Aw12,climate,climate,Content,NOUN
14,14Aw13,change,change.,Content,NOUN
14,14Bw01,It,It,Function,PRON
14,14Bw02,leads,leads,Content,VERB
14,14Bw03,the,the,Function,DET
14,14Bw04,nation,nation,Content,NOUN
14,14Bw05,by,by,Function,ADP
14,14Bw06,far,far,Content,ADV
14,14Bw07,in,in,Function,ADP
14,14Bw08,solar,solar,Content,ADJ
14,14Bw09,power,power.,Content,NOUN
15,15Aw01,Climate,Climate,Content,NOUN
15,15Aw02,change,change,Content,NOUN
15,15Aw03,will,will,Function,AUX
15,15Aw04,inevitably,inevitably,Content,ADV
15,15Aw05,transform,transform,Content,VERB
15,15Aw06,the,the,Function,DET
15,15Aw07,way,way,Content,NOUN
15,15Aw08,the,the,Function,DET
15,15Aw09,world,world,Content,NOUN
15,15Aw10,produces,produces,Content,VERB
15,15Aw11,goods,goods.,Content,NOUN
15,15Bw01,Farmers,Farmers,Content,NOUN
15,15Bw02,who,who,Function,PRON
15,15Bw03,produce,produce,Content,VERB
15,15Bw04,wine,wine,Content,NOUN
15,15Bw05,grapes,"grapes,",Content,NOUN
15,15Bw06,an,an,Function,DET
15,15Bw07,especially,especially,Content,ADV
15,15Bw08,sensitive,sensitive,Content,ADJ
15,15Bw09,crop,"crop,",Content,NOUN
15,15Bw10,are,are,Content,AUX
15,15Bw11,already,already,Content,ADV
15,15Bw12,feeling,feeling,Content,VERB
15,15Bw13,those,those,Function,DET
15,15Bw14,effects,effects.,Content,NOUN
16,16Aw01,The,The,Function,DET
16,16Aw02,many,many,Content,ADJ
16,16Aw03,whiskeys,whiskeys,Content,NOUN
16,16Aw04,of,of,Function,ADP
16,16Aw05,Japan,Japan,Content,PROPN
16,16Aw06,are,are,Content,AUX
16,16Aw07,complex,complex,Content,ADJ
16,16Aw08,and,and,Function,CCONJ
16,16Aw09,often,often,Content,ADV
16,16Aw10,expensive,expensive.,Content,ADJ
16,16Bw01,Learning,Learning,Content,VERB
16,16Bw02,about,about,Function,ADP
16,16Bw03,them,them,Function,PRON
16,16Bw04,can,can,Function,AUX
16,16Bw05,be,be,Content,AUX
16,16Bw06,a,a,Function,DET
16,16Bw07,challenge,challenge.,Content,NOUN
17,17Aw01,Great,Great,Content,ADJ
17,17Aw02,snow,snow,Content,NOUN
17,17Aw03,conditions,conditions,Content,NOUN
17,17Aw04,can,can,Function,AUX
17,17Aw05,make,make,Content,VERB
17,17Aw06,a,a,Function,DET
17,17Aw07,ski,ski,Content,NOUN
17,17Aw08,trip,trip,Content,NOUN
17,17Aw09,magical,magical.,Content,ADJ
17,17Bw01,Skiers,Skiers,Content,NOUN
17,17Bw02,can,can,Function,AUX
17,17Bw03,weight,weight,Content,VERB
17,17Bw04,the,the,Function,DET
17,17Bw05,odds,odds,Content,NOUN
17,17Bw06,in,in,Function,ADP
17,17Bw07,their,their,Function,PRON
17,17Bw08,favor,favor,Content,NOUN
17,17Bw09,by,by,Function,ADP
17,17Bw10,picking,picking,Content,VERB
17,17Bw11,their,their,Function,PRON
17,17Bw12,destinations,destinations,Content,NOUN
17,17Bw13,according,according,Content,VERB
17,17Bw14,to,to,Function,ADP
17,17Bw15,the,the,Function,DET
17,17Bw16,time,time,Content,NOUN
17,17Bw17,of,of,Function,ADP
17,17Bw18,winter,winter.,Content,NOUN
18,18Aw01,Earth,Earth,Content,PROPN
18,18Aw02,is,is,Content,AUX
18,18Aw03,warming,"warming,",Content,VERB
18,18Aw04,and,and,Function,CCONJ
18,18Aw05,we,we,Function,PRON
18,18Aw06,know,know,Content,VERB
18,18Aw07,why,why.,Content,SCONJ
18,18Bw01,Light,Light,Content,NOUN
18,18Bw02,is,is,Content,AUX
18,18Bw03,reflected,reflected,Content,VERB
18,18Bw04,and,and,Function,CCONJ
18,18Bw05,absorbed,absorbed,Content,VERB
18,18Bw06,by,by,Function,ADP
18,18Bw07,clouds,"clouds,",Content,NOUN
18,18Bw08,air,"air,",Content,NOUN
18,18Bw09,oceans,"oceans,",Content,NOUN
18,18Bw10,ice,ice,Content,NOUN
18,18Bw11,and,and,Function,CCONJ
18,18Bw12,land,land.,Content,NOUN
19,19Aw01,Nobody,Nobody,Content,PRON
19,19Aw02,ever,ever,Content,ADV
19,19Aw03,really,really,Content,ADV
19,19Aw04,tells,tells,Content,VERB
19,19Aw05,you,you,Function,PRON
19,19Aw06,how,how,Content,SCONJ
19,19Aw07,to,to,Function,PART
19,19Aw08,breathe,breathe.,Content,VERB
19,19Bw01,You,You,Function,PRON
19,19Bw02,just,just,Content,ADV
19,19Bw03,know,know,Content,VERB
19,19Bw04,how,how,Content,SCONJ
19,19Bw05,to,to,Function,PART
19,19Bw06,do,do,Content,VERB
19,19Bw07,it,it.,Function,PRON
20,20Aw01,Imagine,Imagine,Content,VERB
20,20Aw02,an,an,Function,DET
20,20Aw03,animal,animal,Content,NOUN
20,20Aw04,that,that,Function,PRON
20,20Aw05,looks,looks,Content,VERB
20,20Aw06,like,like,Function,ADP
20,20Aw07,a,a,Function,DET
20,20Aw08,dinosaur,"dinosaur,",Content,NOUN
20,20Aw09,and,and,Function,CCONJ
20,20Aw10,you,you,Function,PRON
20,20Aw11,probably,probably,Content,ADV
20,20Aw12,will,will,Function,AUX
20,20Aw13,not,not,Content,PART
20,20Aw14,imagine,imagine,Content,VERB
20,20Aw15,a,a,Function,DET
20,20Aw16,bat,bat.,Content,NOUN
20,20Bw01,But,But,Function,CCONJ
20,20Bw02,that,that,Function,PRON
20,20Bw03,may,may,Function,AUX
20,20Bw04,change,change.,Content,VERB
21,21Aw01,Video,Video,Content,NOUN
21,21Aw02,games,games,Content,NOUN
21,21Aw03,work,work,Content,VERB
21,21Aw04,hard,hard,Content,ADV
21,21Aw05,to,to,Function,PART
21,21Aw06,hook,hook,Content,VERB
21,21Aw07,players,players.,Content,NOUN
21,21Bw01,Designers,Designers,Content,NOUN
21,21Bw02,use,use,Content,VERB
21,21Bw03,predictive,predictive,Content,ADJ
21,21Bw04,algorithms,algorithms,Content,NOUN
21,21Bw05,and,and,Function,CCONJ
21,21Bw06,principles,principles,Content,NOUN
21,21Bw07,of,of,Function,ADP
21,21Bw08,behavioral,behavioral,Content,ADJ
21,21Bw09,economics,economics,Content,NOUN
21,21Bw10,to,to,Function,PART
21,21Bw11,keep,keep,Content,VERB
21,21Bw12,fans,fans,Content,NOUN
21,21Bw13,engaged,engaged.,Content,ADJ
22,22Aw01,Americans,Americans,Content,PROPN
22,22Aw02,are,are,Content,AUX
22,22Aw03,feeling,feeling,Content,VERB
22,22Aw04,better,better,Content,ADJ
22,22Aw05,about,about,Function,ADP
22,22Aw06,the,the,Function,DET
22,22Aw07,economy,economy.,Content,NOUN
22,22Bw01,Or,Or,Function,CCONJ
22,22Bw02,at,at,Function,ADP
22,22Bw03,least,least,Content,ADJ
22,22Bw04,Republicans,Republicans,Content,PROPN
22,22Bw05,are,are.,Content,AUX
23,23Aw01,Parasites,Parasites,Content,PROPN
23,23Aw02,are,are,Content,AUX
23,23Aw03,a,a,Function,DET
23,23Aw04,huge,huge,Content,ADJ
23,23Aw05,force,force,Content,NOUN
23,23Aw06,in,in,Function,ADP
23,23Aw07,the,the,Function,DET
23,23Aw08,natural,natural,Content,ADJ
23,23Aw09,world,world.,Content,NOUN
23,23Bw01,For,For,Function,ADP
23,23Bw02,the,the,Function,DET
23,23Bw03,most,most,Content,ADJ
23,23Bw04,part,part,Content,NOUN
23,23Bw05,they,they,Function,PRON
23,23Bw06,simply,simply,Content,ADV
23,23Bw07,feed,feed,Content,VERB
23,23Bw08,on,on,Function,ADP
23,23Bw09,their,their,Function,PRON
23,23Bw10,hosts,hosts.,Content,NOUN
24,24Aw01,There,There,Content,PRON
24,24Aw02,should,should,Function,AUX
24,24Aw03,be,be,Content,AUX
24,24Aw04,no,no,Function,DET
24,24Aw05,question,question,Content,NOUN
24,24Aw06,that,that,Function,SCONJ
24,24Aw07,autistic,autistic,Content,ADJ
24,24Aw08,people,people,Content,NOUN
24,24Aw09,need,need,Content,VERB
24,24Aw10,and,and,Function,CCONJ
24,24Aw11,value,value,Content,VERB
24,24Aw12,social,social,Content,ADJ
24,24Aw13,connections,connections.,Content,NOUN
24,24Bw01,We,We,Function,PRON
24,24Bw02,all,all,Function,PRON
24,24Bw03,do,do.,Content,VERB
25,25Aw01,Once,Once,Content,ADV
25,25Aw02,upon,upon,Function,SCONJ
25,25Aw03,a,a,Function,DET
25,25Aw04,time,"time,",Content,NOUN
25,25Aw05,the,the,Function,DET
25,25Aw06,sky,sky,Content,NOUN
25,25Aw07,was,was,Content,AUX
25,25Aw08,everything,everything,Content,PRON
25,25Aw09,above,above,Function,ADP
25,25Aw10,the,the,Function,DET
25,25Aw11,earth,"earth,",Content,NOUN
25,25Aw12,which,which,Function,PRON
25,25Aw13,lay,lay,Content,VERB
25,25Aw14,at,at,Function,ADP
25,25Aw15,the,the,Function,DET
25,25Aw16,center,center,Content,NOUN
25,25Aw17,of,of,Function,ADP
25,25Aw18,human,human,Content,ADJ
25,25Aw19,experience,experience.,Content,NOUN
25,25Bw01,The,The,Function,DET
25,25Bw02,sky,sky,Content,NOUN
25,25Bw03,was,was,Content,AUX
25,25Bw04,the,the,Function,DET
25,25Bw05,place,place,Content,NOUN
25,25Bw06,of,of,Function,ADP
25,25Bw07,gods,gods.,Content,NOUN
26,26Aw01,The,The,Function,DET
26,26Aw02,abundance,abundance,Content,NOUN
26,26Aw03,of,of,Function,ADP
26,26Aw04,uncontrolled,uncontrolled,Content,ADJ
26,26Aw05,case,case,Content,NOUN
26,26Aw06,studies,studies,Content,NOUN
26,26Aw07,can,can,Function,AUX
26,26Aw08,give,give,Content,VERB
26,26Aw09,an,an,Function,DET
26,26Aw10,impression,impression,Content,NOUN
26,26Aw11,that,that,Function,SCONJ
26,26Aw12,a,a,Function,DET
26,26Aw13,single,single,Content,ADJ
26,26Aw14,dietary,dietary,Content,ADJ
26,26Aw15,item,"item,",Content,NOUN
26,26Aw16,like,like,Function,ADP
26,26Aw17,juice,"juice,",Content,NOUN
26,26Aw18,is,is,Content,AUX
26,26Aw19,linked,linked,Content,VERB
26,26Aw20,with,with,Function,ADP
26,26Aw21,obesity,obesity.,Content,NOUN
26,26Bw01,But,But,Function,CCONJ
26,26Bw02,they,they,Function,PRON
26,26Bw03,cannot,cannot,Function,AUX
26,26Bw04,determine,determine,Content,VERB
26,26Bw05,cause,cause,Content,NOUN
26,26Bw06,and,and,Function,CCONJ
26,26Bw07,effect,effect.,Content,NOUN
27,27Aw01,Americans,Americans,Content,PROPN
27,27Aw02,are,are,Content,AUX
27,27Aw03,having,having,Content,VERB
27,27Aw04,fewer,fewer,Content,ADJ
27,27Aw05,babies,babies.,Content,NOUN
27,27Bw01,At,At,Function,ADP
27,27Bw02,first,"first,",Content,ADV
27,27Bw03,researchers,researchers,Content,NOUN
27,27Bw04,thought,thought,Content,VERB
27,27Bw05,the,the,Function,DET
27,27Bw06,declining,declining,Content,VERB
27,27Bw07,fertility,fertility,Content,NOUN
27,27Bw08,rate,rate,Content,NOUN
27,27Bw09,was,was,Content,AUX
27,27Bw10,because,because,Function,SCONJ
27,27Bw11,of,of,Function,ADP
27,27Bw12,the,the,Function,DET
27,27Bw13,recession,"recession,",Content,NOUN
27,27Bw14,but,but,Function,CCONJ
27,27Bw15,it,it,Function,PRON
27,27Bw16,kept,kept,Content,VERB
27,27Bw17,falling,falling,Content,VERB
27,27Bw18,even,even,Content,ADV
27,27Bw19,as,as,Function,SCONJ
27,27Bw20,the,the,Function,DET
27,27Bw21,economy,economy,Content,NOUN
27,27Bw22,recovered,recovered.,Content,VERB
28,28Aw01,New,New,Content,ADJ
28,28Aw02,research,research,Content,NOUN
28,28Aw03,suggests,suggests,Content,VERB
28,28Aw04,that,that,Function,SCONJ
28,28Aw05,more,more,Content,ADJ
28,28Aw06,money,money,Content,NOUN
28,28Aw07,really,really,Content,ADV
28,28Aw08,does,does,Content,AUX
28,28Aw09,lead,lead,Content,VERB
28,28Aw10,to,to,Function,ADP
28,28Aw11,a,a,Function,DET
28,28Aw12,more,more,Content,ADV
28,28Aw13,satisfying,satisfying,Content,ADJ
28,28Aw14,life,life.,Content,NOUN
28,28Bw01,Surveys,Surveys,Content,NOUN
28,28Bw02,of,of,Function,ADP
28,28Bw03,thousands,thousands,Content,NOUN
28,28Bw04,of,of,Function,ADP
28,28Bw05,Swedish,Swedish,Content,ADJ
28,28Bw06,lottery,lottery,Content,NOUN
28,28Bw07,winners,winners,Content,NOUN
28,28Bw08,have,have,Content,AUX
28,28Bw09,provided,provided,Content,VERB
28,28Bw10,persuasive,persuasive,Content,ADJ
28,28Bw11,evidence,evidence,Content,NOUN
28,28Bw12,of,of,Function,ADP
28,28Bw13,this,this,Function,DET
28,28Bw14,truth,truth.,Content,NOUN
29,29Aw01,Milan,Milan,Content,PROPN
29,29Aw02,has,has,Content,VERB
29,29Aw03,no,no,Function,DET
29,29Aw04,sea,sea.,Content,NOUN
29,29Bw01,It,It,Function,PRON
29,29Bw02,has,has,Content,VERB
29,29Bw03,no,no,Function,DET
29,29Bw04,river,river,Content,NOUN
29,29Bw05,or,or,Function,CCONJ
29,29Bw06,lake,"lake,",Content,NOUN
29,29Bw07,just,just,Content,ADV
29,29Bw08,a,a,Function,DET
29,29Bw09,few,few,Content,ADJ
29,29Bw10,ebbing,ebbing,Content,VERB
29,29Bw11,canals,canals.,Content,NOUN
30,30Aw01,Morality,Morality,Content,NOUN
30,30Aw02,exists,exists,Content,VERB
30,30Aw03,only,only,Content,ADV
30,30Aw04,because,because,Function,SCONJ
30,30Aw05,we,we,Function,PRON
30,30Aw06,evolved,evolved,Content,VERB
30,30Aw07,the,the,Function,DET
30,30Aw08,capacity,capacity,Content,NOUN
30,30Aw09,to,to,Function,PART
30,30Aw10,empathize,empathize.,Content,VERB
30,30Bw01,And,And,Function,CCONJ
30,30Bw02,empathy,empathy,Content,NOUN
30,30Bw03,provides,provides,Content,VERB
30,30Bw04,the,the,Function,DET
30,30Bw05,best,best,Content,ADJ
30,30Bw06,guide,guide,Content,NOUN
30,30Bw07,to,to,Function,ADP
30,30Bw08,moral,moral,Content,ADJ
30,30Bw09,action,action.,Content,NOUN
31,31Aw01,Story,Story,Content,NOUN
31,31Aw02,creates,creates,Content,VERB
31,31Aw03,culture,culture.,Content,NOUN
31,31Bw01,It,It,Function,PRON
31,31Bw02,teaches,teaches,Content,VERB
31,31Bw03,us,us,Function,PRON
31,31Bw04,to,to,Function,PART
31,31Bw05,feel,"feel,",Content,VERB
31,31Bw06,think,think,Content,VERB
31,31Bw07,and,and,Function,CCONJ
31,31Bw08,behave,behave,Content,VERB
31,31Bw09,in,in,Function,ADP
31,31Bw10,ways,ways,Content,NOUN
31,31Bw11,generally,generally,Content,ADV
31,31Bw12,approved,approved,Content,VERB
31,31Bw13,of,of,Function,ADP
31,31Bw14,by,by,Function,ADP
31,31Bw15,those,those,Function,PRON
31,31Bw16,around,around,Function,ADP
31,31Bw17,us,us.,Function,PRON
32,32Aw01,Hospitals,Hospitals,Content,NOUN
32,32Aw02,are,are,Content,AUX
32,32Aw03,often,often,Content,ADV
32,32Aw04,thought,thought,Content,VERB
32,32Aw05,of,of,Function,ADP
32,32Aw06,as,as,Function,ADP
32,32Aw07,the,the,Function,DET
32,32Aw08,hubs,hubs,Content,NOUN
32,32Aw09,of,of,Function,ADP
32,32Aw10,our,our,Function,PRON
32,32Aw11,health,health,Content,NOUN
32,32Aw12,care,care,Content,NOUN
32,32Aw13,system,system.,Content,NOUN
32,32Bw01,But,But,Function,CCONJ
32,32Bw02,hospital,hospital,Content,NOUN
32,32Bw03,closings,closings,Content,NOUN
32,32Bw04,are,are,Content,AUX
32,32Bw05,rising,"rising,",Content,VERB
32,32Bw06,particularly,particularly,Content,ADV
32,32Bw07,in,in,Function,ADP
32,32Bw08,some,some,Function,DET
32,32Bw09,types,types,Content,NOUN
32,32Bw10,of,of,Function,ADP
32,32Bw11,communities,communities.,Content,NOUN
33,33Aw01,Two,Two,Function,NUM
33,33Aw02,sexes,sexes,Content,NOUN
33,33Aw03,have,have,Content,AUX
33,33Aw04,never,never,Content,ADV
33,33Aw05,been,been,Content,AUX
33,33Aw06,enough,enough,Content,ADJ
33,33Aw07,to,to,Function,PART
33,33Aw08,describe,describe,Content,VERB
33,33Aw09,human,human,Content,ADJ
33,33Aw10,variety,variety.,Content,NOUN
33,33Bw01,Not,Not,Content,PART
33,33Bw02,in,in,Function,ADP
33,33Bw03,biblical,biblical,Content,ADJ
33,33Bw04,times,times,Content,NOUN
33,33Bw05,and,and,Function,CCONJ
33,33Bw06,not,not,Content,PART
33,33Bw07,now,now.,Content,ADV
34,34Aw01,The,The,Function,DET
34,34Aw02,biggest,biggest,Content,ADJ
34,34Aw03,racial,racial,Content,ADJ
34,34Aw04,preferences,preferences,Content,NOUN
34,34Aw05,in,in,Function,ADP
34,34Aw06,this,this,Function,DET
34,34Aw07,country,country,Content,NOUN
34,34Aw08,have,have,Content,VERB
34,34Aw09,nothing,nothing,Content,PRON
34,34Aw10,to,to,Function,PART
34,34Aw11,do,do,Content,VERB
34,34Aw12,with,with,Function,ADP
34,34Aw13,college,college,Content,NOUN
34,34Aw14,admissions,admissions,Content,NOUN
34,34Aw15,or,or,Function,CCONJ
34,34Aw16,job,job,Content,NOUN
34,34Aw17,offers,offers.,Content,NOUN
34,34Bw01,They,They,Function,PRON
34,34Bw02,have,have,Content,VERB
34,34Bw03,to,to,Function,PART
34,34Bw04,do,do,Content,VERB
34,34Bw05,with,with,Function,ADP
34,34Bw06,political,political,Content,ADJ
34,34Bw07,power,power.,Content,NOUN
35,35Aw01,Businesses,Businesses,Content,NOUN
35,35Aw02,can,can,Function,AUX
35,35Aw03,deliver,deliver,Content,VERB
35,35Aw04,everything,everything,Content,PRON
35,35Aw05,on,on,Function,ADP
35,35Aw06,demand,"demand,",Content,NOUN
35,35Aw07,from,from,Function,ADP
35,35Aw08,dinner,dinner,Content,NOUN
35,35Aw09,to,to,Function,ADP
35,35Aw10,dry,dry,Content,ADJ
35,35Aw11,cleaning,cleaning.,Content,NOUN
35,35Bw01,Some,Some,Function,PRON
35,35Bw02,will,will,Function,AUX
35,35Bw03,even,even,Content,ADV
35,35Bw04,show,show,Content,VERB
35,35Bw05,up,up,Function,ADP
35,35Bw06,at,at,Function,ADP
35,35Bw07,your,your,Function,PRON
35,35Bw08,door,door,Content,NOUN
35,35Bw09,to,to,Function,PART
35,35Bw10,give,give,Content,VERB
35,35Bw11,you,you,Function,PRON
35,35Bw12,cupcakes,cupcakes,Content,NOUN
35,35Bw13,or,or,Function,CCONJ
35,35Bw14,walk,walk,Content,VERB
35,35Bw15,your,your,Function,PRON
35,35Bw16,dog,dog.,Content,NOUN
36,36Aw01,Planning,Planning,Content,VERB
36,36Aw02,for,for,Function,ADP
36,36Aw03,vacation,vacation,Content,NOUN
36,36Aw04,is,is,Content,AUX
36,36Aw05,fun,fun.,Content,ADJ
36,36Bw01,We,We,Function,PRON
36,36Bw02,make,make,Content,VERB
36,36Bw03,lists,lists,Content,NOUN
36,36Bw04,of,of,Function,ADP
36,36Bw05,clothes,clothes,Content,NOUN
36,36Bw06,to,to,Function,PART
36,36Bw07,pack,pack,Content,VERB
36,36Bw08,and,and,Function,CCONJ
36,36Bw09,museums,museums,Content,NOUN
36,36Bw10,to,to,Function,PART
36,36Bw11,visit,"visit,",Content,VERB
36,36Bw12,anticipating,anticipating,Content,VERB
36,36Bw13,the,the,Function,DET
36,36Bw14,relaxation,relaxation,Content,NOUN
36,36Bw15,and,and,Function,CCONJ
36,36Bw16,fun,fun,Content,NOUN
36,36Bw17,to,to,Function,PART
36,36Bw18,come,come.,Content,VERB
37,37Aw01,Certain,Certain,Content,ADJ
37,37Aw02,types,types,Content,NOUN
37,37Aw03,of,of,Function,ADP
37,37Aw04,wine,wine,Content,NOUN
37,37Aw05,seem,seem,Content,VERB
37,37Aw06,incapable,incapable,Content,ADJ
37,37Aw07,of,of,Function,ADP
37,37Aw08,winning,winning,Content,VERB
37,37Aw09,popular,popular,Content,ADJ
37,37Aw10,acceptance,acceptance.,Content,NOUN
37,37Bw01,Riesling,Riesling,Content,PROPN
37,37Bw02,is,is,Content,AUX
37,37Bw03,one,"one,",Function,NUM
37,37Bw04,particularly,particularly,Content,ADV
37,37Bw05,in,in,Function,ADP
37,37Bw06,its,its,Function,PRON
37,37Bw07,moderately,moderately,Content,ADV
37,37Bw08,sweet,sweet,Content,ADJ
37,37Bw09,form,form.,Content,NOUN
38,38Aw01,Bankers,Bankers,Content,NOUN
38,38Aw02,kept,kept,Content,VERB
38,38Aw03,their,their,Function,PRON
38,38Aw04,name,name,Content,NOUN
38,38Aw05,tags,tags,Content,NOUN
38,38Aw06,obscured,obscured,Content,VERB
38,38Aw07,behind,behind,Function,ADP
38,38Aw08,ties,ties.,Content,NOUN
38,38Bw01,Many,Many,Content,ADJ
38,38Bw02,tried,tried,Content,VERB
38,38Bw03,to,to,Function,PART
38,38Bw04,keep,keep,Content,VERB
38,38Bw05,a,a,Function,DET
38,38Bw06,low,low,Content,ADJ
38,38Bw07,profile,profile,Content,NOUN
38,38Bw08,and,and,Function,CCONJ
38,38Bw09,avoided,avoided,Content,VERB
38,38Bw10,talking,talking,Content,VERB
38,38Bw11,to,to,Function,ADP
38,38Bw12,the,the,Function,DET
38,38Bw13,news,news,Content,NOUN
38,38Bw14,media,media.,Content,NOUN
39,39Aw01,Hollywood,Hollywood,Content,PROPN
39,39Aw02,executives,executives,Content,NOUN
39,39Aw03,are,are,Content,AUX
39,39Aw04,not,not,Content,PART
39,39Aw05,so,so,Content,ADV
39,39Aw06,different,different,Content,ADJ
39,39Aw07,from,from,Function,ADP
39,39Aw08,the,the,Function,DET
39,39Aw09,stars,stars,Content,NOUN
39,39Aw10,they,they,Function,PRON
39,39Aw11,employ,employ.,Content,VERB
39,39Bw01,They,They,Function,PRON
39,39Bw02,want,want,Content,VERB
39,39Bw03,to,to,Function,PART
39,39Bw04,be,be,Content,AUX
39,39Bw05,seen,seen,Content,VERB
39,39Bw06,in,in,Function,ADP
39,39Bw07,the,the,Function,DET
39,39Bw08,right,right,Content,ADJ
39,39Bw09,booths,booths,Content,NOUN
39,39Bw10,at,at,Function,ADP
39,39Bw11,the,the,Function,DET
39,39Bw12,right,right,Content,ADJ
39,39Bw13,restaurants,restaurants.,Content,NOUN
40,40Aw01,The,The,Function,PRON
40,40Aw02,more,more,Content,ADV
40,40Aw03,we,we,Function,PRON
40,40Aw04,learn,learn,Content,VERB
40,40Aw05,about,about,Function,ADP
40,40Aw06,how,how,Content,SCONJ
40,40Aw07,people,people,Content,NOUN
40,40Aw08,really,really,Content,ADV
40,40Aw09,think,"think,",Content,VERB
40,40Aw10,the,the,Function,PRON
40,40Aw11,more,more,Content,ADV
40,40Aw12,we,we,Function,PRON
40,40Aw13,must,must,Function,AUX
40,40Aw14,rethink,rethink,Content,VERB
40,40Aw15,economic,economic,Content,ADJ
40,40Aw16,theory,theory.,Content,NOUN
40,40Bw01,Changes,Changes,Content,NOUN
40,40Bw02,in,in,Function,ADP
40,40Bw03,fundamental,fundamental,Content,ADJ
40,40Bw04,beliefs,beliefs,Content,NOUN
40,40Bw05,play,play,Content,VERB
40,40Bw06,a,a,Function,DET
40,40Bw07,major,major,Content,ADJ
40,40Bw08,role,role,Content,NOUN
40,40Bw09,in,in,Function,ADP
40,40Bw10,the,the,Function,DET
40,40Bw11,fluctuations,fluctuations,Content,NOUN
40,40Bw12,of,of,Function,ADP
40,40Bw13,the,the,Function,DET
40,40Bw14,economy,economy.,Content,NOUN
41,41Aw01,History,History,Content,NOUN
41,41Aw02,suggests,suggests,Content,VERB
41,41Aw03,that,that,Function,SCONJ
41,41Aw04,the,the,Function,DET
41,41Aw05,world,world,Content,NOUN
41,41Aw06,is,is,Content,AUX
41,41Aw07,about,about,Function,ADV
41,41Aw08,due,due,Content,ADJ
41,41Aw09,for,for,Function,ADP
41,41Aw10,another,another,Function,DET
41,41Aw11,financial,financial,Content,ADJ
41,41Aw12,crisis,crisis.,Content,NOUN
41,41Bw01,One,One,Function,NUM
41,41Bw02,of,of,Function,ADP
41,41Bw03,the,the,Function,DET
41,41Bw04,places,places,Content,NOUN
41,41Bw05,it,it,Function,PRON
41,41Bw06,might,might,Function,AUX
41,41Bw07,start,"start,",Content,VERB
41,41Bw08,according,according,Content,VERB
41,41Bw09,to,to,Function,ADP
41,41Bw10,a,a,Function,DET
41,41Bw11,growing,growing,Content,VERB
41,41Bw12,number,number,Content,NOUN
41,41Bw13,of,of,Function,ADP
41,41Bw14,indicators,"indicators,",Content,NOUN
41,41Bw15,is,is,Content,AUX
41,41Bw16,Italy,Italy.,Content,PROPN
42,42Aw01,Few,Few,Content,ADJ
42,42Aw02,doubt,doubt,Content,VERB
42,42Aw03,that,that,Function,SCONJ
42,42Aw04,energy,energy,Content,NOUN
42,42Aw05,has,has,Content,AUX
42,42Aw06,improved,improved,Content,VERB
42,42Aw07,lives,lives,Content,NOUN
42,42Aw08,and,and,Function,CCONJ
42,42Aw09,enabled,enabled,Content,VERB
42,42Aw10,human,human,Content,ADJ
42,42Aw11,progress,progress.,Content,NOUN
42,42Bw01,Yet,Yet,Content,CCONJ
42,42Bw02,one,one,Function,NUM
42,42Bw03,of,of,Function,ADP
42,42Bw04,the,the,Function,DET
42,42Bw05,biggest,biggest,Content,ADJ
42,42Bw06,challenges,challenges,Content,NOUN
42,42Bw07,facing,facing,Content,VERB
42,42Bw08,the,the,Function,DET
42,42Bw09,world,world,Content,NOUN
42,42Bw10,is,is,Content,AUX
42,42Bw11,the,the,Function,DET
42,42Bw12,polarized,polarized,Content,VERB
42,42Bw13,debate,debate,Content,NOUN
42,42Bw14,over,over,Function,ADP
42,42Bw15,the,the,Function,DET
42,42Bw16,future,future,Content,NOUN
42,42Bw17,of,of,Function,ADP
42,42Bw18,energy,energy.,Content,NOUN
43,43Aw01,Dance,Dance,Content,NOUN
43,43Aw02,is,is,Content,AUX
43,43Aw03,about,about,Function,ADP
43,43Aw04,change,change.,Content,NOUN
43,43Bw01,The,The,Function,DET
43,43Bw02,body,body,Content,NOUN
43,43Bw03,keeps,keeps,Content,VERB
43,43Bw04,altering,altering,Content,VERB
43,43Bw05,its,its,Function,PRON
43,43Bw06,shape,shape,Content,NOUN
43,43Bw07,while,while,Function,SCONJ
43,43Bw08,we,we,Function,PRON
43,43Bw09,watch,watch,Content,VERB
43,43Bw10,it,it,Function,PRON
43,43Bw11,move,move.,Content,VERB
44,44Aw01,Plants,Plants,Content,NOUN
44,44Aw02,have,have,Content,VERB
44,44Aw03,no,no,Function,DET
44,44Aw04,eyes,"eyes,",Content,NOUN
44,44Aw05,no,no,Function,DET
44,44Aw06,ears,"ears,",Content,NOUN
44,44Aw07,no,no,Function,DET
44,44Aw08,mouth,mouth,Content,NOUN
44,44Aw09,and,and,Function,CCONJ
44,44Aw10,no,no,Function,DET
44,44Aw11,hands,hands.,Content,NOUN
44,44Bw01,They,They,Function,PRON
44,44Bw02,do,do,Content,AUX
44,44Bw03,not,not,Content,PART
44,44Bw04,have,have,Content,VERB
44,44Bw05,a,a,Function,DET
44,44Bw06,brain,brain,Content,NOUN
44,44Bw07,or,or,Function,CCONJ
44,44Bw08,a,a,Function,DET
44,44Bw09,nervous,nervous,Content,ADJ
44,44Bw10,system,system.,Content,NOUN
45,45Aw01,There,There,Content,PRON
45,45Aw02,are,are,Content,VERB
45,45Aw03,many,many,Content,ADV
45,45Aw04,more,more,Content,ADJ
45,45Aw05,gorillas,gorillas,Content,NOUN
45,45Aw06,and,and,Function,CCONJ
45,45Aw07,chimpanzees,chimpanzees,Content,NOUN
45,45Aw08,than,than,Function,SCONJ
45,45Aw09,previously,previously,Content,ADV
45,45Aw10,believed,"believed,",Content,VERB
45,45Aw11,new,new,Content,ADJ
45,45Aw12,research,research,Content,NOUN
45,45Aw13,finds,finds.,Content,VERB
45,45Bw01,Nonetheless,"Nonetheless,",Content,ADV
45,45Bw02,their,their,Function,PRON
45,45Bw03,numbers,numbers,Content,NOUN
45,45Bw04,are,are,Content,AUX
45,45Bw05,rapidly,rapidly,Content,ADV
45,45Bw06,declining,declining.,Content,VERB
46,46Aw01,Forests,Forests,Content,NOUN
46,46Aw02,are,are,Content,AUX
46,46Aw03,disappearing,disappearing.,Content,VERB
46,46Bw01,Maps,Maps,Content,NOUN
46,46Bw02,show,show,Content,VERB
46,46Bw03,shrinking,shrinking,Content,VERB
46,46Bw04,woodlands,woodlands,Content,NOUN
46,46Bw05,all,all,Function,ADV
46,46Bw06,over,over,Function,ADP
46,46Bw07,the,the,Function,DET
46,46Bw08,world,world.,Content,NOUN
47,47Aw01,A,A,Function,DET
47,47Aw02,cowboy,cowboy,Content,NOUN
47,47Aw03,walks,walks,Content,VERB
47,47Aw04,into,into,Function,ADP
47,47Aw05,a,a,Function,DET
47,47Aw06,bar,bar.,Content,NOUN
47,47Bw01,Or,Or,Function,CCONJ
47,47Bw02,more,more,Content,ADV
47,47Bw03,specifically,"specifically,",Content,ADV
47,47Bw04,a,a,Function,DET
47,47Bw05,Nigerian,Nigerian,Content,ADJ
47,47Bw06,immigrant,immigrant,Content,NOUN
47,47Bw07,grad,grad,Content,ADJ
47,47Bw08,student,student,Content,NOUN
47,47Bw09,in,in,Function,ADP
47,47Bw10,a,a,Function,DET
47,47Bw11,cowboy,cowboy,Content,NOUN
47,47Bw12,hat,hat,Content,NOUN
47,47Bw13,walks,walks,Content,VERB
47,47Bw14,into,into,Function,ADP
47,47Bw15,a,a,Function,DET
47,47Bw16,bar,bar,Content,NOUN
47,47Bw17,in,in,Function,ADP
47,47Bw18,Oklahoma,Oklahoma.,Content,PROPN
48,48Aw01,One,One,Function,NUM
48,48Aw02,man,man,Content,NOUN
48,48Aw03,vanished,vanished,Content,VERB
48,48Aw04,diving,diving,Content,VERB
48,48Aw05,at,at,Function,ADP
48,48Aw06,midnight,midnight.,Content,NOUN
48,48Bw01,Another,Another,Function,PRON
48,48Bw02,was,was,Content,AUX
48,48Bw03,attacked,attacked,Content,VERB
48,48Bw04,by,by,Function,ADP
48,48Bw05,a,a,Function,DET
48,48Bw06,great,great,Content,ADJ
48,48Bw07,white,white,Content,ADJ
48,48Bw08,shark,shark,Content,NOUN
48,48Bw09,in,in,Function,ADP
48,48Bw10,deep,deep,Content,ADJ
48,48Bw11,water,water.,Content,NOUN
49,49Aw01,Student,Student,Content,NOUN
49,49Aw02,loans,loans,Content,NOUN
49,49Aw03,are,are,Content,AUX
49,49Aw04,central,central,Content,ADJ
49,49Aw05,to,to,Function,ADP
49,49Aw06,financing,financing,Content,VERB
49,49Aw07,college,college,Content,NOUN
49,49Aw08,educations,"educations,",Content,NOUN
49,49Aw09,yet,yet,Content,CCONJ
49,49Aw10,millions,millions,Content,NOUN
49,49Aw11,of,of,Function,ADP
49,49Aw12,borrowers,borrowers,Content,NOUN
49,49Aw13,are,are,Content,AUX
49,49Aw14,in,in,Function,ADP
49,49Aw15,default,default.,Content,NOUN
49,49Bw01,That,That,Function,PRON
49,49Bw02,is,is,Content,AUX
49,49Bw03,clear,clear,Content,ADJ
49,49Bw04,evidence,evidence,Content,NOUN
49,49Bw05,that,that,Function,SCONJ
49,49Bw06,the,the,Function,DET
49,49Bw07,system,system,Content,NOUN
49,49Bw08,is,is,Content,AUX
49,49Bw09,in,in,Function,ADP
49,49Bw10,dire,dire,Content,ADJ
49,49Bw11,need,need,Content,NOUN
49,49Bw12,of,of,Function,ADP
49,49Bw13,improvement,improvement.,Content,NOUN
50,50Aw01,People,People,Content,NOUN
50,50Aw02,seem,seem,Content,VERB
50,50Aw03,to,to,Function,PART
50,50Aw04,be,be,Content,AUX
50,50Aw05,more,more,Content,ADV
50,50Aw06,worried,worried,Content,ADJ
50,50Aw07,than,than,Function,ADP
50,50Aw08,ever,ever,Content,ADV
50,50Aw09,about,about,Content,ADP
50,50Aw10,stress,stress.,Content,NOUN
50,50Bw01,We,We,Function,PRON
50,50Bw02,hear,hear,Content,VERB
50,50Bw03,that,that,Function,SCONJ
50,50Bw04,stress,stress,Content,NOUN
50,50Bw05,can,can,Function,AUX
50,50Bw06,lead,lead,Content,VERB
50,50Bw07,to,to,Function,ADP
50,50Bw08,everything,everything,Content,PRON
50,50Bw09,from,from,Function,ADP
50,50Bw10,depression,depression,Content,NOUN
50,50Bw11,to,to,Function,ADP
50,50Bw12,cancer,cancer.,Content,NOUN
51,51Aw01,Music,Music,Content,NOUN
51,51Aw02,can,can,Function,AUX
51,51Aw03,transport,transport,Content,VERB
51,51Aw04,us,us,Function,PRON
51,51Aw05,back,back,Content,ADV
51,51Aw06,in,in,Function,ADP
51,51Aw07,time,time,Content,NOUN
51,51Aw08,or,or,Function,CCONJ
51,51Aw09,help,help,Content,VERB
51,51Aw10,usher,usher,Content,VERB
51,51Aw11,in,in,Function,ADP
51,51Aw12,new,new,Content,ADJ
51,51Aw13,ways,ways,Content,NOUN
51,51Aw14,of,of,Function,ADP
51,51Aw15,thinking,thinking.,Content,NOUN
51,51Bw01,It,It,Function,PRON
51,51Bw02,can,can,Function,AUX
51,51Bw03,capture,capture,Content,VERB
51,51Bw04,a,a,Function,DET
51,51Bw05,historical,historical,Content,ADJ
51,51Bw06,moment,moment,Content,NOUN
51,51Bw07,or,or,Function,CCONJ
51,51Bw08,offer,offer,Content,VERB
51,51Bw09,an,an,Function,DET
51,51Bw10,escape,escape,Content,NOUN
51,51Bw11,from,from,Function,ADP
51,51Bw12,the,the,Function,DET
51,51Bw13,world,world,Content,NOUN
51,51Bw14,around,around,Function,ADP
51,51Bw15,us,us.,Function,PRON
52,52Aw01,The,The,Function,DET
52,52Aw02,laws,laws,Content,NOUN
52,52Aw03,that,that,Function,PRON
52,52Aw04,authorize,authorize,Content,VERB
52,52Aw05,medical,medical,Content,ADJ
52,52Aw06,aid,aid,Content,NOUN
52,52Aw07,in,in,Function,ADP
52,52Aw08,dying,dying,Content,VERB
52,52Aw09,have,have,Content,AUX
52,52Aw10,worked,worked,Content,VERB
52,52Aw11,exactly,exactly,Content,ADV
52,52Aw12,as,as,Function,SCONJ
52,52Aw13,intended,"intended,",Content,VERB
52,52Aw14,the,the,Function,DET
52,52Aw15,evidence,evidence,Content,NOUN
52,52Aw16,shows,shows.,Content,VERB
52,52Bw01,They,They,Function,PRON
52,52Bw02,have,have,Content,AUX
52,52Bw03,benefited,benefited,Content,VERB
52,52Bw04,dying,dying,Content,VERB
52,52Bw05,patients,patients,Content,NOUN
52,52Bw06,and,and,Function,CCONJ
52,52Bw07,their,their,Function,PRON
52,52Bw08,families,families,Content,NOUN
52,52Bw09,without,without,Function,ADP
52,52Bw10,causing,causing,Content,VERB
52,52Bw11,any,any,Function,DET
52,52Bw12,harm,harm,Content,NOUN
52,52Bw13,to,to,Function,ADP
52,52Bw14,anyone,anyone.,Content,PRON
53,53Aw01,Israel,Israel,Content,PROPN
53,53Aw02,cannot,cannot,Function,AUX
53,53Aw03,define,define,Content,VERB
53,53Aw04,a,a,Function,DET
53,53Aw05,Jew,Jew.,Content,PROPN
53,53Bw01,And,And,Function,CCONJ
53,53Bw02,the,the,Function,PRON
53,53Bw03,more,more,Content,ADV
53,53Bw04,it,it,Function,PRON
53,53Bw05,attempts,attempts,Content,VERB
53,53Bw06,to,to,Function,PART
53,53Bw07,do,do,Content,VERB
53,53Bw08,so,"so,",Content,ADV
53,53Bw09,the,the,Function,PRON
53,53Bw10,more,more,Content,ADV
53,53Bw11,obvious,obvious,Content,ADJ
53,53Bw12,that,that,Function,PRON
53,53Bw13,becomes,becomes.,Content,VERB
54,54Aw01,Corporate,Corporate,Content,ADJ
54,54Aw02,tax,tax,Content,NOUN
54,54Aw03,cuts,cuts,Content,NOUN
54,54Aw04,will,will,Function,AUX
54,54Aw05,put,put,Content,VERB
54,54Aw06,billions,billions,Content,NOUN
54,54Aw07,of,of,Function,ADP
54,54Aw08,dollars,dollars,Content,NOUN
54,54Aw09,back,back,Content,ADV
54,54Aw10,in,in,Function,ADP
54,54Aw11,the,the,Function,DET
54,54Aw12,hands,hands,Content,NOUN
54,54Aw13,of,of,Function,ADP
54,54Aw14,businesses,businesses,Content,NOUN
54,54Aw15,this,this,Function,DET
54,54Aw16,year,year.,Content,NOUN
54,54Bw01,Naturally,"Naturally,",Content,ADV
54,54Bw02,people,people,Content,NOUN
54,54Bw03,want,want,Content,VERB
54,54Bw04,to,to,Function,PART
54,54Bw05,know,know,Content,VERB
54,54Bw06,how,how,Content,SCONJ
54,54Bw07,those,those,Function,DET
54,54Bw08,businesses,businesses,Content,NOUN
54,54Bw09,will,will,Function,AUX
54,54Bw10,spend,spend,Content,VERB
54,54Bw11,it,it.,Function,PRON
55,55Aw01,Florida,"Florida,",Content,PROPN
55,55Aw02,it,it,Function,PRON
55,55Aw03,seems,"seems,",Content,VERB
55,55Aw04,has,has,Content,AUX
55,55Aw05,always,always,Content,ADV
55,55Aw06,been,been,Content,AUX
55,55Aw07,a,a,Function,DET
55,55Aw08,popular,popular,Content,ADJ
55,55Aw09,destination,destination.,Content,NOUN
55,55Bw01,Even,Even,Content,ADV
55,55Bw02,the,the,Function,DET
55,55Bw03,first,first,Content,ADJ
55,55Bw04,known,known,Content,VERB
55,55Bw05,Americans,Americans,Content,PROPN
55,55Bw06,gravitated,gravitated,Content,VERB
55,55Bw07,to,to,Function,ADP
55,55Bw08,the,the,Function,DET
55,55Bw09,state,state.,Content,NOUN
56,56Aw01,When,When,Content,SCONJ
56,56Aw02,early,early,Content,ADJ
56,56Aw03,humans,humans,Content,NOUN
56,56Aw04,discovered,discovered,Content,VERB
56,56Aw05,how,how,Content,SCONJ
56,56Aw06,to,to,Function,PART
56,56Aw07,build,build,Content,VERB
56,56Aw08,fires,"fires,",Content,NOUN
56,56Aw09,life,life,Content,NOUN
56,56Aw10,became,became,Content,VERB
56,56Aw11,much,much,Content,ADV
56,56Aw12,easier,easier,Content,ADJ
56,56Aw13,in,in,Function,ADP
56,56Aw14,many,many,Content,ADJ
56,56Aw15,regards,regards.,Content,NOUN
56,56Bw01,They,They,Function,PRON
56,56Bw02,huddled,huddled,Content,VERB
56,56Bw03,around,around,Function,ADP
56,56Bw04,fire,fire,Content,NOUN
56,56Bw05,for,for,Function,ADP
56,56Bw06,warmth,"warmth,",Content,NOUN
56,56Bw07,light,light,Content,NOUN
56,56Bw08,and,and,Function,CCONJ
56,56Bw09,protection,protection.,Content,NOUN
57,57Aw01,For,For,Function,ADP
57,57Aw02,most,most,Content,ADJ
57,57Aw03,of,of,Function,ADP
57,57Aw04,human,human,Content,ADJ
57,57Aw05,history,"history,",Content,NOUN
57,57Aw06,nobody,nobody,Content,PRON
57,57Aw07,ate,ate,Content,VERB
57,57Aw08,a,a,Function,DET
57,57Aw09,vegetable,vegetable,Content,NOUN
57,57Aw10,for,for,Function,ADP
57,57Aw11,pleasure,pleasure.,Content,NOUN
57,57Bw01,After,After,Function,ADV
57,57Bw02,all,"all,",Function,PRON
57,57Bw03,vegetables,vegetables,Content,NOUN
57,57Bw04,have,have,Content,VERB
57,57Bw05,no,no,Function,DET
57,57Bw06,evolutionary,evolutionary,Content,ADJ
57,57Bw07,imperative,imperative,Content,NOUN
57,57Bw08,to,to,Function,PART
57,57Bw09,be,be,Content,AUX
57,57Bw10,delicious,delicious.,Content,ADJ
58,58Aw01,Animals,Animals,Content,NOUN
58,58Aw02,around,around,Function,ADP
58,58Aw03,the,the,Function,DET
58,58Aw04,world,world,Content,NOUN
58,58Aw05,are,are,Content,AUX
58,58Aw06,on,on,Function,ADP
58,58Aw07,the,the,Function,DET
58,58Aw08,move,move.,Content,NOUN
58,58Bw01,So,So,Content,ADV
58,58Bw02,are,are,Content,AUX
58,58Bw03,their,their,Function,PRON
58,58Bw04,parasites,parasites.,Content,NOUN
59,59Aw01,Gifts,Gifts,Content,NOUN
59,59Aw02,are,are,Content,AUX
59,59Aw03,often,often,Content,ADV
59,59Aw04,left,left,Content,VERB
59,59Aw05,on,on,Function,ADP
59,59Aw06,front,front,Content,ADJ
59,59Aw07,row,row,Content,NOUN
59,59Aw08,seats,seats,Content,NOUN
59,59Aw09,at,at,Function,ADP
59,59Aw10,fashion,fashion,Content,NOUN
59,59Aw11,shows,shows,Content,NOUN
59,59Aw12,for,for,Function,ADP
59,59Aw13,guests,guests.,Content,NOUN
59,59Bw01,Rarely,"Rarely,",Content,ADV
59,59Bw02,however,"however,",Content,ADV
59,59Bw03,are,are,Content,AUX
59,59Bw04,they,they,Function,PRON
59,59Bw05,placed,placed,Content,VERB
59,59Bw06,on,on,Function,ADP
59,59Bw07,every,every,Function,DET
59,59Bw08,seat,seat.,Content,NOUN
60,60Aw01,Trying,Trying,Content,VERB
60,60Aw02,to,to,Function,PART
60,60Aw03,figure,figure,Content,VERB
60,60Aw04,out,out,Function,ADP
60,60Aw05,why,why,Content,SCONJ
60,60Aw06,humans,humans,Content,NOUN
60,60Aw07,cry,cry,Content,VERB
60,60Aw08,is,is,Content,AUX
60,60Aw09,exhausting,exhausting.,Content,ADJ
60,60Bw01,We,We,Function,PRON
60,60Bw02,cry,cry,Content,VERB
60,60Bw03,about,about,Function,ADP
60,60Bw04,death,"death,",Content,NOUN
60,60Bw05,violence,"violence,",Content,NOUN
60,60Bw06,breakups,"breakups,",Content,NOUN
60,60Bw07,abandoned,abandoned,Content,VERB
60,60Bw08,puppies,"puppies,",Content,NOUN
60,60Bw09,sweet,sweet,Content,ADJ
60,60Bw10,kisses,kisses,Content,NOUN
60,60Bw11,and,and,Function,CCONJ
60,60Bw12,words,words,Content,NOUN
60,60Bw13,charged,charged,Content,VERB
60,60Bw14,with,with,Function,ADP
60,60Bw15,all,all,Function,DET
60,60Bw16,kinds,kinds,Content,NOUN
60,60Bw17,of,of,Function,ADP
60,60Bw18,meanings,meanings.,Content,NOUN
61,61Aw01,The,The,Function,DET
61,61Aw02,most,most,Content,ADV
61,61Aw03,popular,popular,Content,ADJ
61,61Aw04,movie,movie,Content,NOUN
61,61Aw05,in,in,Function,ADP
61,61Aw06,India,India,Content,PROPN
61,61Aw07,this,this,Function,DET
61,61Aw08,summer,summer,Content,NOUN
61,61Aw09,is,is,Content,AUX
61,61Aw10,about,about,Function,ADP
61,61Aw11,a,a,Function,DET
61,61Aw12,toilet,toilet.,Content,NOUN
61,61Bw01,It,It,Function,PRON
61,61Bw02,nearly,nearly,Content,ADV
61,61Bw03,causes,causes,Content,VERB
61,61Bw04,a,a,Function,DET
61,61Bw05,divorce,divorce.,Content,NOUN
62,62Aw01,Bargain,Bargain,Content,NOUN
62,62Aw02,hunters,hunters,Content,NOUN
62,62Aw03,have,have,Content,AUX
62,62Aw04,begun,begun,Content,VERB
62,62Aw05,to,to,Function,PART
62,62Aw06,pay,pay,Content,VERB
62,62Aw07,close,close,Content,ADJ
62,62Aw08,attention,attention,Content,NOUN
62,62Aw09,to,to,Function,ADP
62,62Aw10,emerging,emerging,Content,VERB
62,62Aw11,market,market,Content,NOUN
62,62Aw12,stocks,stocks.,Content,NOUN
62,62Bw01,They,They,Function,PRON
62,62Bw02,are,are,Content,AUX
62,62Bw03,a,a,Function,DET
62,62Bw04,little,little,Content,ADJ
62,62Bw05,late,late,Content,ADJ
62,62Bw06,to,to,Function,ADP
62,62Bw07,the,the,Function,DET
62,62Bw08,game,game.,Content,NOUN
63,63Aw01,One,One,Function,NUM
63,63Aw02,new,new,Content,ADJ
63,63Aw03,drug,drug,Content,NOUN
63,63Aw04,promises,promises,Content,VERB
63,63Aw05,to,to,Function,PART
63,63Aw06,stop,stop,Content,VERB
63,63Aw07,cancer,cancer,Content,NOUN
63,63Aw08,from,from,Function,ADP
63,63Aw09,spreading,spreading,Content,VERB
63,63Aw10,to,to,Function,ADP
63,63Aw11,other,other,Content,ADJ
63,63Aw12,organs,organs.,Content,NOUN
63,63Bw01,Another,Another,Function,PRON
63,63Bw02,would,would,Function,AUX
63,63Bw03,treat,treat,Content,VERB
63,63Bw04,blood,blood,Content,NOUN
63,63Bw05,cancer,cancer.,Content,NOUN